0
1
16.7552
209.44
2.90936e-29
0
209.44
83.7758
0.0267169
0
0
0
0
0.04
81
16.7552
209.44
2.81352e-26
0
209.44
83.7758
0.0267169
0
0
0
0
0
1
16.7552
209.44
2.90936e-29
0
209.44
83.7758
0.0267169
0
0
0
0
0.04
81
16.7552
209.44
2.81352e-26
0
209.44
83.7758
0.0267169
0
0
0
0
0.08
161
16.7552
209.44
9.92518e-26
0
209.44
83.7758
0.0267169
0
0
0
0
0.12
241
16.7552
206.707
2.19397
0
208.901
83.1165
0.0280811
0
0
0
0
0.16
321
16.7552
31.5181
161.392
0
192.91
23.5439
0.0841046
0
0
0
0
0.2
401
16.7552
166.224
20.4678
0
186.691
70.4476
0.163867
0
0
0
0
0.24
481
16.7552
180.628
1.89572
0
182.523
70.4476
0.163867
0
0
0
0
0.28
561
16.7552
167.13
13.5465
0
180.677
70.4476
0.163867
0
0
0
0
0.32
641
16.7552
155.414
21.7366
0
177.15
70.4476
0.163867
0
0
0
0
0.36
721
16.7552
159.238
15.8174
0
175.055
70.4476
0.163867
0
0
0
0.0821841
0.4
801
16.7552
165.882
7.03148
0
172.914
70.4476
0.163867
0
0
0
0.0821841
0.44
881
16.7552
154.923
16.531
0
171.454
70.4476
0.163867
0
0
0
0.0821841
0.48
961
16.7552
143.243
24.9203
0
168.163
68.2526
0.148996
0.206892
-0.0178624
0
0.0821841
0.5205
1042
16.7552
57.7819
91.1452
0
148.927
34.4217
0.226634
0.480881
0.0325698
0
0.0821841
0.5605
1122
16.7552
114.254
26.2907
0
140.544
56.2804
0.211383
1.08005e-07
-1.1925e-08
0
0.0821841
0.6005
1202
16.7552
126.803
8.51655
0
135.32
56.2804
0.211383
0
0
0
0.0821841
0.6405
1282
16.7552
116.603
15.25
0
131.853
56.2804
0.211383
0
0
0
0.0821841
0.6805
1362
16.7552
106.781
20.4013
0
127.183
56.2804
0.211383
0
0
0
0.0821841
0.7205
1442
16.7552
108.062
15.9572
0
124.019
56.2804
0.211383
0
0
0
0.0821841
0.7605
1522
16.7552
113.588
8.09805
0
121.686
56.2804
0.211383
0
0
0
0.0821841
0.8005
1602
16.7552
100.368
19.1273
0
119.495
56.2804
0.211383
0
0
0
0.0821841
0.8405
1682
16.7552
100.231
16.5379
0
116.769
56.2804
0.211383
0
0
0
0.0821841
0.8805
1762
16.7552
107.766
7.2408
0
115.006
56.2804
0.211383
0
0
0
0.0821841
0.9205
1842
16.7552
36.6855
71.379
0
108.064
26.2859
0.118982
0
0
0
0.0821841
0.9605
1922
16.7552
73.0915
24.0437
0
97.1352
37.4254
0.0771163
0
0
0
0.0821841
1.0005
2002
16.7552
78.0441
13.9937
0
92.0378
46.576
0.0915944
0
0
0
0.0821841
1.0405
2082
16.7552
71.8119
16.8477
0
88.6597
46.576
0.0915944
0
0
0
0.0821841
1.0805
2162
16.7552
72.2728
13.8543
0
86.1271
46.576
0.0915944
0
0
0
0.0821841
1.1205
2242
16.7552
77.7949
6.40673
0
84.2016
46.576
0.0915944
0
0
0
0.0821841
1.1605
2322
16.7552
68.7516
13.8844
0
82.6361
46.576
0.0915944
0
0
0
0.0821841
1.2005
2402
16.7552
70.6565
9.83788
0
80.4944
46.576
0.0915944
0
0
0
0.0821841
1.2405
2482
16.7552
75.5998
3.54347
0
79.1433
46.576
0.0915944
0
0
0
0.0821841
1.2805
2562
16.7552
73.9022
4.00442
0
77.9066
46.576
0.0915944
0
0
0
0.0821841
1.3205
2642
16.7552
67.4068
9.75447
0
77.1612
46.576
0.0915944
0
0
0
0.0821841
1.3605
2722
16.7552
67.8996
8.02021
0
75.9198
46.576
0.0915944
0
0
0
0.0821841
1.4005
2802
16.7552
71.2536
4.0218
0
75.2754
46.5069
0.0914951
0.0100339
-0.00114027
0
0.0821841
1.4405
2882
16.7552
7.47046
63.4418
0
70.9123
5.37384
0.133523
0.270869
0.0266132
0
0.0821841
1.4805
2962
16.7552
58.1918
9.5172
0
67.709
41.6634
0.389756
0.0837884
0.00324569
0
0.0821841
1.5205
3042
16.7552
61.7707
4.21476
0
65.9854
43.592
0.409302
0
0
0
0.0821841
1.5605
3122
16.7552
59.6269
5.593
0
65.2199
43.592
0.409302
0
0
0
0.0821841
1.6005
3202
16.7552
57.3878
7.12834
0
64.5161
43.592
0.409302
0
0
0
0.0821841
1.6405
3282
16.7552
58.9848
4.79995
0
63.7847
43.592
0.409302
0
0
0
0.0821841
1.6805
3362
16.7552
61.0448
2.23348
0
63.2783
43.592
0.409302
0
0
0
0.0821841
1.7205
3442
16.7552
60.2373
2.46864
0
62.7059
43.592
0.409302
0
0
0
0.0821841
1.7605
3522
16.7552
58.7358
3.46351
0
62.1993
43.592
0.409302
0
0
0
0.0821841
1.8005
3602
16.7552
59.2158
2.54763
0
61.7635
43.592
0.409302
0
0
0
0.0821841
1.8405
3682
16.7552
59.1386
2.36077
0
61.4994
43.592
0.409302
0
0
0
0.0821841
1.8805
3762
16.7552
57.5839
3.67698
0
61.2609
43.592
0.409302
0
0
0
0.0821841
0
1
16.7552
209.44
2.90936e-29
0
209.44
83.7758
0.0267169
0
0
0
0
0.04
81
16.7552
209.44
2.81352e-26
0
209.44
83.7758
0.0267169
0
0
0
0
