0
1
33.5103
2.41913
2.02954e-05
0
2.41915
5.80449
1.46116
0
0
0
0
0.0400096
88
33.5103
2.41182
0.00366681
0
2.41548
5.80449
1.46116
0
0
0
0
0.0804399
176
33.5103
2.41256
0.00208361
0
2.41464
5.80449
1.46116
0
0
0
0
0.120406
263
33.5103
2.41463
0.00019186
0
2.41482
5.80449
1.46116
0
0
0
0
0.160371
350
33.5103
2.41053
0.00454447
0
2.41508
5.80449
1.46116
0
0
0
0
0.200338
437
33.5103
2.41297
0.00165292
0
2.41462
5.80449
1.46116
0
0
0
0
0.240304
524
33.5103
2.41355
0.000958646
0
2.41451
5.80449
1.46116
0
0
0
0
0.280274
611
33.5103
2.4092
0.00553612
0
2.41473
5.80449
1.46116
0
0
0
0
0.320245
698
33.5103
2.41278
0.00172992
0
2.41451
5.80449
1.46116
0
0
0
0
0.360207
785
33.5103
2.41273
0.00170275
0
2.41444
5.80449
1.46116
0
0
0
0.150999
0.400166
872
33.5103
2.40918
0.00532226
0
2.4145
5.80449
1.46116
0
0
0
0.150995
0.440137
959
33.5103
2.41318
0.00115064
0
2.41433
5.80449
1.46116
0
0
0
0.151045
0.480104
1046
33.5103
2.4126
0.00174143
0
2.41434
5.80449
1.46116
0
0
0
0.151007
0.520068
1133
33.5103
2.41024
0.00407326
0
2.41432
5.80449
1.46116
0
0
0
0.151004
0.560032
1220
33.5103
2.41368
0.000461418
0
2.41414
5.80449
1.46116
0
0
0
0.151013
0
1
33.5103
2.41913
2.02954e-05
0
2.41915
5.80449
1.46116
0
0
0
0
0
1
33.5103
2.41913
2.02954e-05
0
2.41915
5.80449
1.46116
0
0
0
0
0
1
33.5103
2.41913
2.02954e-05
0
2.41915
5.80449
1.46116
0
0
0
0
0
1
33.5103
2.41913
2.02954e-05
0
2.41915
5.80449
1.46116
0
0
0
0
