0
1
33.5103
2.41913
1.29881e-05
0
2.41914
5.80449
1.46116
0
0
0
0
0.0404
102
33.5103
2.41179
0.00369931
0
2.41549
5.80449
1.46116
0
0
0
0
0.0804
202
33.5103
2.41256
0.00208961
0
2.41465
5.80449
1.46116
0
0
0
0
0.1204
302
33.5103
2.4146
0.000187338
0
2.41479
5.80449
1.46116
0
0
0
0
0.16
401
33.5103
2.41054
0.00449224
0
2.41503
5.80449
1.46116
0
0
0
0
0.2
501
33.5103
2.41289
0.00172184
0
2.41461
5.80449
1.46116
0
0
0
0
0.24
601
33.5103
2.41351
0.000988055
0
2.41449
5.80449
1.46116
0
0
0
0
0.28
701
33.5103
2.40921
0.00547632
0
2.41469
5.80449
1.46116
0
0
0
0
0.32
801
33.5103
2.41272
0.00175317
0
2.41447
5.80449
1.46116
0
0
0
0
0.36
901
33.5103
2.41271
0.00169682
0
2.41441
5.80449
1.46116
0
0
0
0
0.4
1001
33.5103
2.40924
0.0052312
0
2.41447
5.80449
1.46116
0
0
0
0
0.44
1101
33.5103
2.41313
0.00115429
0
2.41428
5.80449
1.46116
0
0
0
0
0.48
1201
33.5103
2.41256
0.00173891
0
2.4143
5.80449
1.46116
0
0
0
0
0.52
1301
33.5103
2.41029
0.00399236
0
2.41428
5.80449
1.46116
0
0
0
0
0.56
1401
33.5103
2.41362
0.000479218
0
2.4141
5.80449
1.46116
0
0
0
0
0.6004
1502
33.5103
2.4121
0.00206271
0
2.41417
5.80449
1.46116
0
0
0
0
0.6404
1602
33.5103
2.41126
0.00285112
0
2.41411
5.80449
1.46116
0
0
0
0
0.6804
1702
33.5103
2.41366
0.000312294
0
2.41397
5.80449
1.46116
0
0
0
0
0.7204
1802
33.5103
2.41139
0.00266936
0
2.41406
5.80449
1.46116
0
0
0
0
0.7604
1902
33.5103
2.41189
0.00207896
0
2.41397
5.80449
1.46116
0
0
0
0
0.8004
2002
33.5103
2.41339
0.000491146
0
2.41388
5.80449
1.46116
0
0
0
0
0.8404
2102
33.5103
2.41062
0.00334501
0
2.41397
5.80449
1.46116
0
0
0
0
0.8804
2202
33.5103
2.41214
0.00171467
0
2.41385
5.80449
1.46116
0
0
0
0
0.9204
2302
33.5103
2.41281
0.0010062
0
2.41381
5.80449
1.46116
0
0
0
0
0.9604
2402
33.5103
2.41
0.0038895
0
2.41389
5.80449
1.46116
0
0
0
0
1.0004
2502
33.5103
2.41218
0.00157697
0
2.41376
5.80449
1.46116
0
0
0
0
1.0404
2602
33.5103
2.41226
0.00150512
0
2.41376
5.80449
1.46116
0
0
0
0
1.0804
2702
33.5103
2.40997
0.00384091
0
2.41381
5.80449
1.46116
0
0
0
0
1.1204
2802
33.5103
2.41245
0.00123288
0
2.41369
5.80449
1.46116
0
0
0
0
1.1604
2902
33.5103
2.412
0.0017161
0
2.41371
5.80449
1.46116
0
0
0
0
1.2004
3002
33.5103
2.4105
0.00322973
0
2.41372
5.80449
1.46116
0
0
0
0
1.2404
3102
33.5103
2.41278
0.000830168
0
2.41361
5.80449
1.46116
0
0
0
0
1.2804
3202
33.5103
2.41173
0.00192802
0
2.41366
5.80449
1.46116
0
0
0
0
1.3204
3302
33.5103
2.41108
0.00255915
0
2.41364
5.80449
1.46116
0
0
0
0
1.3604
3402
33.5103
2.41287
0.000680922
0
2.41355
5.80449
1.46116
0
0
0
0
1.4004
3502
33.5103
2.41132
0.00229729
0
2.41361
5.80449
1.46116
0
0
0
0
1.4404
3602
33.5103
2.4115
0.00206531
0
2.41357
5.80449
1.46116
0
0
0
0
1.4804
3702
33.5103
2.4127
0.000807292
0
2.41351
5.80449
1.46116
0
0
0
0
1.5204
3802
33.5103
2.41085
0.00272495
0
2.41358
5.80449
1.46116
0
0
0
0
1.5604
3902
33.5103
2.41172
0.00178449
0
2.41351
5.80449
1.46116
0
0
0
0
1.6004
4002
33.5103
2.41235
0.00113433
0
2.41348
5.80449
1.46116
0
0
0
0
1.6404
4102
33.5103
2.41049
0.00305052
0
2.41354
5.80449
1.46116
0
0
0
0
1.6804
4202
33.5103
2.41185
0.00160974
0
2.41346
5.80449
1.46116
0
0
0
0
1.7204
4302
33.5103
2.41199
0.00146768
0
2.41346
5.80449
1.46116
0
0
0
0
1.7604
4402
33.5103
2.41045
0.00305702
0
2.4135
5.80449
1.46116
0
0
0
0
1.8004
4502
33.5103
2.41205
0.00136852
0
2.41342
5.80449
1.46116
0
0
0
0
1.8404
4602
33.5103
2.41177
0.00167349
0
2.41344
5.80449
1.46116
0
0
0
0
1.8804
4702
33.5103
2.41071
0.00274957
0
2.41346
5.80449
1.46116
0
0
0
0
1.9204
4802
33.5103
2.41227
0.00111459
0
2.41338
5.80449
1.46116
0
0
0
0
1.9604
4902
33.5103
2.41157
0.00185118
0
2.41342
5.80449
1.46116
0
0
0
0
2
5001
33.5103
2.41103
0.00238021
0
2.41341
5.80449
1.46116
0
0
0
0
0
1
33.5103
2.41913
1.29881e-05
0
2.41914
5.80449
1.46116
0
0
0
0
0
1
33.5103
2.41913
1.29881e-05
0
2.41914
5.80449
1.46116
0
0
0
0
0
1
33.5103
2.41913
1.29881e-05
0
2.41914
5.80449
1.46116
0
0
0
0
